Area0:	0.03515913207867857,	-0.018030276162000036,	
Leakage0:	0.0008483446428571432,	6.049999999995295e-06,	
Dynamic0:	0.524482142857143,	0.09179999999999833,	
area 
MSE[0]=4.640075433659916e-06, R2score=0.9998492081923127
dynamic 
MSE[0]=0.001939360952380978, R2score=0.9997168159927406
leakage 
MSE[0]=5.996592857142882e-10, R2score=0.9999665235134018

Area1:	0.00046742049624265165,	6.529780367270973e-05,	
Leakage1:	1.8473802149463573e-05,	-1.9884802429493526e-06,	
Dynamic1:	0.014425058013879381,	0.003578212786912338,	
area 
MSE[1]=1.421394778949264e-09, R2score=0.9997386754591375
dynamic 
MSE[1]=7.046281303140066e-07, R2score=0.9998639619973664
leakage 
MSE[1]=3.754752708121684e-16, R2score=0.9999999557958306

Area2:	3.522406412107702e-07,	0.0007185987132809372,	
Leakage2:	9.576616427304051e-08,	2.6724666406861e-05,	
Dynamic2:	-5.151861456976453e-05,	0.021625687043170756,	
area 
MSE[2]=1.60097927943479e-11, R2score=0.16169630764961296
dynamic 
MSE[2]=1.1450730741459347e-07, R2score=0.3658444414827059
leakage 
MSE[2]=1.4191402296775576e-17, R2score=0.9999378317536921

Area3:	0.01174642966143846,	0.0008167910569576303,	
Leakage3:	0.0005520089047658927,	-0.0001313046132698538,	
Dynamic3:	0.4682087137203287,	0.05599157358341689,	
area 
MSE[3]=4.306304587842866e-07, R2score=0.9998746186288536
dynamic 
MSE[3]=0.0014223576103651132, R2score=0.9997393779800339
leakage 
MSE[3]=7.282049203730563e-10, R2score=0.9999039904941335

Area4:	0.005322651298315781,	0.005480116272676257,	
Leakage4:	0.00019339760916027717,	0.0001391167412366388,	
Dynamic4:	0.013991078120760964,	0.01337094834907232,	
area 
MSE[4]=4.916888254320098e-08, R2score=0.999930273395639
dynamic 
MSE[4]=4.5614530522995064e-06, R2score=0.9990646181985552
leakage 
MSE[4]=2.801357898141664e-11, R2score=0.9999699082241794

Area5:	0.001891954549614749,	-1.556729802490442e-05,	
Leakage5:	6.946771843718553e-05,	-1.9249913996428826e-05,	
Dynamic5:	0.024286646564455297,	-0.0005380863328947605,	
area 
MSE[5]=4.106947720035083e-09, R2score=0.9999539030440678
dynamic 
MSE[5]=9.050403687594918e-06, R2score=0.9993838879821126
leakage 
MSE[5]=1.2985678601394355e-11, R2score=0.9998918949160958

Area6:	0.01573342733461688,	-0.025179829362125136,	
Leakage6:	1.4215800427881958e-05,	-7.4011399600971744e-06,	
Dynamic6:	0.003660061242220719,	-0.003480227195696038,	
area 
MSE[6]=1.0321518813039567e-05, R2score=0.9983275064197317
dynamic 
MSE[6]=1.990442113786457e-06, R2score=0.9940655243735623
leakage 
MSE[6]=3.3231863699610577e-12, R2score=0.999339732823191

110x256 Projection:
predicted area[0] = [8.98270754]
predicted dynamic[0] = [134.35922857]
predicted leakage[0] = [0.21718228]

predicted area[1] = [0.11972494]
predicted dynamic[1] = [3.69639306]
predicted leakage[1] = [0.0047273]

predicted area[2] = [0.00080877]
predicted dynamic[2] = [0.00843692]
predicted leakage[2] = [5.12408045e-05]

predicted area[3] = [3.00790278]
predicted dynamic[3] = [119.91742229]
predicted leakage[3] = [0.14118298]

predicted area[4] = [1.36807885]
predicted dynamic[4] = [3.59508695]
predicted leakage[4] = [0.0496489]

predicted area[5] = [0.4843248]
predicted dynamic[5] = [6.21684343]
predicted leakage[5] = [0.01776449]

predicted area[6] = [4.00257757]
predicted dynamic[6] = [0.93349545]
predicted leakage[6] = [0.00363184]

