Area0:	0.02747217077421429,	-0.008660441187000018,	
Leakage0:	0.001508216071428572,	8.624999999999432e-05,	
Dynamic0:	0.017462905357142868,	0.00510984999999986,	
area 
MSE[0]=8.972801636179963e-06, R2score=0.9995225485695307
dynamic 
MSE[0]=1.159725952380851e-09, R2score=0.999999847202306
leakage 
MSE[0]=3.9440238095240325e-11, R2score=0.9999993033629183

Area1:	0.00024078903167238256,	9.134188188944297e-05,	
Leakage1:	2.181055800141252e-05,	1.0015000512063771e-05,	
Dynamic1:	0.0002519647764258202,	0.00010596295332163715,	
area 
MSE[1]=1.5547511644201945e-09, R2score=0.9989237471388224
dynamic 
MSE[1]=4.1954255858376485e-10, R2score=0.9997345543873861
leakage 
MSE[1]=1.2020774999826553e-10, R2score=0.9899490697801457

Area2:	1.7582042256631647e-06,	0.0008093484488253666,	
Leakage2:	2.0085236864371147e-07,	6.651710227277395e-05,	
Dynamic2:	-1.7883058728819972e-06,	0.0007697803599366684,	
area 
MSE[2]=4.560753284989368e-11, R2score=0.6278336944253817
dynamic 
MSE[2]=2.255255977473155e-11, R2score=0.7792171914402254
leakage 
MSE[2]=1.2521849198843706e-13, R2score=0.8891163209051607

Area3:	0.0115316124396109,	9.556979928407316e-05,	
Leakage3:	0.0012221096277793535,	-0.00025224874562649116,	
Dynamic3:	0.01633675784367785,	0.003545843866153142,	
area 
MSE[3]=4.4353210013374803e-08, R2score=0.9999865991096996
dynamic 
MSE[3]=8.068398804881636e-10, R2score=0.9999998785353085
leakage 
MSE[3]=5.869510416967194e-10, R2score=0.9999842104708088

Area4:	0.0029104841218748614,	0.007659344879460659,	
Leakage4:	0.00014369585802725306,	0.00022516750006059327,	
Dynamic4:	0.0002446356619942919,	0.00045930248133887715,	
area 
MSE[4]=5.3435048413733756e-08, R2score=0.9997466154256615
dynamic 
MSE[4]=2.4316316736577017e-09, R2score=0.9983701623653812
leakage 
MSE[4]=1.0878820455978829e-10, R2score=0.9997883609141439

Area5:	0.0011586562260870708,	0.0006438678544115131,	
Leakage5:	0.0001039139930349504,	3.6128615550961186e-05,	
Dynamic5:	0.0004899284812238693,	0.00019099318859296544,	
area 
MSE[5]=2.5442739008141984e-09, R2score=0.9999238594366023
dynamic 
MSE[5]=7.461594812641486e-11, R2score=0.9999875102037338
leakage 
MSE[5]=1.7628021890576212e-10, R2score=0.9993445112584712

Area6:	0.011635844816052435,	-0.0180575509697731,	
Leakage6:	1.8740153054667512e-05,	-3.371249289852872e-06,	
Dynamic6:	3.2094106275705583e-05,	-2.9204450338283713e-06,	
area 
MSE[6]=9.250104090329758e-06, R2score=0.9972624960361063
dynamic 
MSE[6]=2.034834254568478e-11, R2score=0.9992068992102622
leakage 
MSE[6]=1.5178335942071335e-13, R2score=0.9999826353976082

110x256 Projection:
predicted area[0] = [7.02421528]
predicted dynamic[0] = [4.47561362]
predicted leakage[0] = [0.38618956]

predicted area[1] = [0.06173333]
predicted dynamic[1] = [0.06460895]
predicted leakage[1] = [0.00559352]

predicted area[2] = [0.00125945]
predicted dynamic[2] = [0.00031197]
predicted leakage[2] = [0.00011794]

predicted area[3] = [2.95218835]
predicted dynamic[3] = [4.18575585]
predicted leakage[3] = [0.31260782]

predicted area[4] = [0.75274328]
predicted dynamic[4] = [0.06308603]
predicted leakage[4] = [0.03701131]

predicted area[5] = [0.29725986]
predicted dynamic[5] = [0.12561268]
predicted leakage[5] = [0.02663811]

predicted area[6] = [2.96071872]
predicted dynamic[6] = [0.00821317]
predicted leakage[6] = [0.00479411]

