Area0:	0.03645236062432143,	-0.014548070849000061,	
Leakage0:	0.0008517428571428574,	7.209999999999682e-05,	
Dynamic0:	0.020679508928571427,	0.0057982500000000325,	
area 
MSE[0]=1.4889126888977743e-05, R2score=0.9995499954266421
dynamic 
MSE[0]=3.1524137357143253e-07, R2score=0.9999703827728252
leakage 
MSE[0]=7.714285714284788e-12, R2score=0.9999995727588996

Area1:	0.0004958609607491878,	8.68644919859024e-05,	
Leakage1:	2.006675672752293e-05,	7.526114031980522e-06,	
Dynamic1:	0.00056666676596285,	0.00017321959086867653,	
area 
MSE[1]=6.460542420374294e-11, R2score=0.9999894430356829
dynamic 
MSE[1]=7.808546690561938e-12, R2score=0.9999990229679895
leakage 
MSE[1]=1.0594795596013727e-12, R2score=0.9998942971265365

Area2:	-3.079695216761787e-07,	0.0008387260056209397,	
Leakage2:	6.461214736920746e-08,	3.125100752509018e-05,	
Dynamic2:	-2.44654500693458e-06,	0.0008494797450717322,	
area 
MSE[2]=2.2569882413499705e-14, R2score=0.9905294391654562
dynamic 
MSE[2]=6.615283076082719e-11, R2score=0.69249452669497
leakage 
MSE[2]=8.190594598826045e-14, R2score=0.5591959425363524

Area3:	0.011887383782461352,	0.00038379854260717217,	
Leakage3:	0.0005663459412223468,	-0.00012445059159362903,	
Dynamic3:	0.01829803656366748,	0.0033772823187304957,	
area 
MSE[3]=2.71375114665302e-10, R2score=0.999999922840055
dynamic 
MSE[3]=2.756466213814086e-07, R2score=0.9999669231748659
leakage 
MSE[3]=3.982051410398414e-11, R2score=0.9999950118948188

Area4:	0.006097288128934308,	0.006954472223938982,	
Leakage4:	0.0001563520667567916,	0.00012769531834688698,	
Dynamic4:	0.0006138206425277853,	0.0007409951800190027,	
area 
MSE[4]=9.45468503838456e-12, R2score=0.9999999897819478
dynamic 
MSE[4]=4.2211764202455047e-10, R2score=0.9999549882946952
leakage 
MSE[4]=1.197211860989865e-10, R2score=0.999803268999072

Area5:	0.002230268310857249,	0.001315290184867899,	
Leakage5:	8.888047123057617e-05,	5.5144963475311495e-05,	
Dynamic5:	0.0010542396664950256,	0.0008476228213167951,	
area 
MSE[5]=1.9600493536810183e-08, R2score=0.9998417008740859
dynamic 
MSE[5]=1.026223991308002e-09, R2score=0.9999629027396869
leakage 
MSE[5]=1.3969960004377633e-10, R2score=0.9992899834187798

Area6:	0.015741867400136417,	-0.024127222256906874,	
Leakage6:	1.9955470484068504e-05,	-2.3379214724542584e-05,	
Dynamic6:	0.00014440713104976695,	-0.00017516396050242314,	
area 
MSE[6]=1.6159845336775127e-05, R2score=0.9973867390371025
dynamic 
MSE[6]=4.074253620754284e-09, R2score=0.992211220565876
leakage 
MSE[6]=3.714975274993571e-11, R2score=0.9962657646792688

110x256 Projection:
predicted area[0] = [9.31725625]
predicted dynamic[0] = [5.29975254]
predicted leakage[0] = [0.21811827]

predicted area[1] = [0.12702727]
predicted dynamic[1] = [0.14523991]
predicted leakage[1] = [0.00514462]

predicted area[2] = [0.00075989]
predicted dynamic[2] = [0.00022316]
predicted leakage[2] = [4.77917173e-05]

predicted area[3] = [3.04355405]
predicted dynamic[3] = [4.68767464]
predicted leakage[3] = [0.14486011]

predicted area[4] = [1.56786023]
predicted dynamic[4] = [0.15787908]
predicted leakage[4] = [0.04015382]

predicted area[5] = [0.57226398]
predicted dynamic[5] = [0.27073298]
predicted leakage[5] = [0.02280855]

predicted area[6] = [4.00579083]
predicted dynamic[6] = [0.03679306]
predicted leakage[6] = [0.00508522]

