Area0:	0.023541513785357147,	-0.01040024881500004,	
Leakage0:	0.0028634500000000005,	9.489999999999499e-05,	
Dynamic0:	0.40632321428571444,	0.1285499999999984,	
area 
MSE[0]=6.5378955479558925e-06, R2score=0.9995262405372483
dynamic 
MSE[0]=1.56214285714277e-06, R2score=0.9999996198352874
leakage 
MSE[0]=3.779999999998818e-12, R2score=0.9999999814771814

Area1:	0.00011105371643566756,	-1.1652986479807146e-06,	
Leakage1:	2.0203351730439987e-05,	-7.152247467098017e-06,	
Dynamic1:	0.0030578463650243323,	0.0003213626126440071,	
area 
MSE[1]=1.7861657826805365e-09, R2score=0.9942146422766641
dynamic 
MSE[1]=1.1387118474495287e-06, R2score=0.9951308048838718
leakage 
MSE[1]=4.132140950990347e-11, R2score=0.9959490220584526

Area2:	3.9693395523482745e-09,	0.0007116908861852334,	
Leakage2:	6.366516443118685e-07,	0.00011648870469818395,	
Dynamic2:	-6.339983571396897e-05,	0.01922186453987665,	
area 
MSE[2]=1.462460973968217e-15, R2score=0.21144204245287734
dynamic 
MSE[2]=2.055084780014144e-08, R2score=0.8295846611636799
leakage 
MSE[2]=8.932780021828743e-13, R2score=0.9186551755477652

Area3:	0.011125361932035033,	0.0008576767038414451,	
Leakage3:	0.0025280207540797073,	-0.0007724973662843471,	
Dynamic3:	0.39290846826974113,	0.10137588596600988,	
area 
MSE[3]=7.43796354454813e-08, R2score=0.9999758559704507
dynamic 
MSE[3]=9.549899859794751e-06, R2score=0.9999975145247038
leakage 
MSE[3]=3.943653269788335e-09, R2score=0.9999752074511291

Area4:	0.001317883956619068,	0.005353012438229486,	
Leakage4:	0.00020902866672093442,	0.0007837393268877281,	
Dynamic4:	0.003065701023688481,	0.006585943296098795,	
area 
MSE[4]=5.676984581819665e-09, R2score=0.9998686890835796
dynamic 
MSE[4]=1.398952147624259e-07, R2score=0.9994023070952646
leakage 
MSE[4]=1.2952437905889829e-09, R2score=0.998810355104713

Area5:	0.00046533046264670845,	-6.8722570132837e-08,	
Leakage5:	8.812066555767962e-05,	-2.8781825270201102e-05,	
Dynamic5:	0.005127821254651145,	-0.00011482089576796833,	
area 
MSE[5]=2.169387807615783e-14, R2score=0.999999995974603
dynamic 
MSE[5]=7.49042651317513e-08, R2score=0.9998855579633619
leakage 
MSE[5]=5.831340685031445e-12, R2score=0.9999698286831705

Area6:	0.010521879749759386,	-0.01732139475644666,	
Leakage6:	1.61645719566436e-05,	-5.6126494740338525e-06,	
Dynamic6:	0.00042227882047016804,	3.7443338759475184e-05,	
area 
MSE[6]=8.687470664959316e-06, R2score=0.9968570746248402
dynamic 
MSE[6]=2.7442628431220433e-11, R2score=0.999993816720025
leakage 
MSE[6]=1.1942837799893839e-13, R2score=0.9999816360698565

110x256 Projection:
predicted area[0] = [6.01622728]
predicted dynamic[0] = [104.14729286]
predicted leakage[0] = [0.7331381]

predicted area[1] = [0.02842859]
predicted dynamic[1] = [0.78313003]
predicted leakage[1] = [0.00516491]

predicted area[2] = [0.00071271]
predicted dynamic[2] = [0.00299151]
predicted leakage[2] = [0.00027947]

predicted area[3] = [2.84895033]
predicted dynamic[3] = [100.68594376]
predicted leakage[3] = [0.64640082]

predicted area[4] = [0.34273131]
predicted dynamic[4] = [0.79140541]
predicted leakage[4] = [0.05429508]

predicted area[5] = [0.11912453]
predicted dynamic[5] = [1.31260742]
predicted leakage[5] = [0.02253011]

predicted area[6] = [2.67627982]
predicted dynamic[6] = [0.10814082]
predicted leakage[6] = [0.00413252]

