Area0:	0.026828419797589285,	-0.0132715478115,	
Leakage0:	0.00147835,	9.719999999999694e-05,	
Dynamic0:	0.42960178571428576,	0.24794999999999945,	
area 
MSE[0]=1.0686299448933029e-05, R2score=0.9994038265214156
dynamic 
MSE[0]=0.0012518688095238173, R2score=0.9997275399635889
leakage 
MSE[0]=2.258666666666554e-11, R2score=0.9999995847669416

Area1:	0.00022668328657241322,	5.048961650515153e-05,	
Leakage1:	1.8590580893080318e-05,	5.211628205691109e-07,	
Dynamic1:	0.006207055318371907,	0.00480665896705864,	
area 
MSE[1]=3.319506587829434e-10, R2score=0.9997405125751601
dynamic 
MSE[1]=1.2534616084822828e-06, R2score=0.9986945297864459
leakage 
MSE[1]=2.9015841054232524e-12, R2score=0.9996627924714823

Area2:	7.59752889758847e-07,	0.0007051720234415657,	
Leakage2:	2.3034352361899217e-07,	5.456407003139625e-05,	
Dynamic2:	-0.00010972269070829087,	0.020616690245627692,	
area 
MSE[2]=4.93198244138071e-13, R2score=0.9668096177817471
dynamic 
MSE[2]=2.5517813136207254e-09, R2score=0.9915557287853283
leakage 
MSE[2]=1.442330706881556e-13, R2score=0.901533357584958

Area3:	0.01140218297869393,	4.32700009507514e-06,	
Leakage3:	0.0011704491370455475,	-0.0002645135388306078,	
Dynamic3:	0.40376418076645315,	0.20875506195710258,	
area 
MSE[3]=3.6526848042172756e-08, R2score=0.9999887117719602
dynamic 
MSE[3]=0.0012231597191206273, R2score=0.9996986361302163
leakage 
MSE[3]=1.4624976470749164e-10, R2score=0.9999957107366386

Area4:	0.002651110096894197,	0.005262837714252885,	
Leakage4:	0.00019055538669477065,	0.0003533346874686574,	
Dynamic4:	0.005561048890173825,	0.011461558117687683,	
area 
MSE[4]=1.7006661476597655e-09, R2score=0.9999902780404807
dynamic 
MSE[4]=1.4478513005632158e-07, R2score=0.999811928348117
leakage 
MSE[4]=8.792380576313154e-11, R2score=0.9999027216356792

Area5:	0.0009419497779551603,	-7.437333970379545e-05,	
Leakage5:	8.077439752313791e-05,	-2.0275290546978232e-05,	
Dynamic5:	0.010114656779107665,	0.002304937943573712,	
area 
MSE[5]=6.231971826670544e-11, R2score=0.9999971779594448
dynamic 
MSE[5]=3.376847188392233e-07, R2score=0.9998673992419915
leakage 
MSE[5]=5.147474851077929e-13, R2score=0.9999968301413757

Area6:	0.011591384313838923,	-0.01914066973556977,	
Leakage6:	1.4820302237235187e-05,	-3.7783254303112423e-06,	
Dynamic6:	0.0008532807271558649,	7.559515138021167e-05,	
area 
MSE[6]=1.1602259547121009e-05, R2score=0.9965424992576271
dynamic 
MSE[6]=5.435362736498073e-09, R2score=0.9997001466489754
leakage 
MSE[6]=5.708573926312354e-14, R2score=0.9999895575245112

110x256 Projection:
predicted area[0] = [6.85480392]
predicted dynamic[0] = [110.22600714]
predicted leakage[0] = [0.3785548]

predicted area[1] = [0.05808141]
predicted dynamic[1] = [1.59381282]
predicted leakage[1] = [0.00475971]

predicted area[2] = [0.00089967]
predicted dynamic[2] = [-0.00747232]
predicted leakage[2] = [0.00011353]

predicted area[3] = [2.91896317]
predicted dynamic[3] = [103.57238534]
predicted leakage[3] = [0.29937047]

predicted area[4] = [0.68394702]
predicted dynamic[4] = [1.43509007]
predicted leakage[4] = [0.04913551]

predicted area[5] = [0.24106477]
predicted dynamic[5] = [2.59165707]
predicted leakage[5] = [0.02065797]

predicted area[6] = [2.94825371]
predicted dynamic[6] = [0.21851546]
predicted leakage[6] = [0.00379022]

