Area0:	0.024242991461767862,	-0.010310870744500045,	
Leakage0:	0.0029165892857142862,	1.8799999999999373e-05,	
Dynamic0:	0.016042678571428572,	0.002634500000000012,	
area 
MSE[0]=2.629324645230132e-06, R2score=0.99982028338529
dynamic 
MSE[0]=6.808258752380958e-07, R2score=0.9998937251201035
leakage 
MSE[0]=5.3043809523803334e-11, R2score=0.9999997494591555

Area1:	0.00012373149045204592,	-3.671510705855938e-05,	
Leakage1:	2.605522827928296e-05,	-2.5645349427791527e-05,	
Dynamic1:	0.00011953332564413844,	-4.355752770781197e-06,	
area 
MSE[1]=2.471422760469844e-09, R2score=0.9935557366556775
dynamic 
MSE[1]=2.031940445084375e-09, R2score=0.9943186304708305
leakage 
MSE[1]=2.8338145200655768e-11, R2score=0.9983256418003704

Area2:	1.701552379611684e-06,	0.0008007870372976049,	
Leakage2:	4.450554876481236e-07,	0.0001421533507070031,	
Dynamic2:	-1.60060440081376e-07,	0.0007085953284240565,	
area 
MSE[2]=4.600379285721619e-13, R2score=0.9936564300638328
dynamic 
MSE[2]=3.5968520031469577e-12, R2score=0.15058180926645304
leakage 
MSE[2]=1.620148523077823e-13, R2score=0.9681816363783388

Area3:	0.011281582408373878,	0.0004089176496555602,	
Leakage3:	0.002590500703996252,	-0.0005342087181807627,	
Dynamic3:	0.01544835318580861,	0.0016968808441621686,	
area 
MSE[3]=9.86252678025776e-08, R2score=0.9999688664155122
dynamic 
MSE[3]=4.1564558231092616e-07, R2score=0.999930028225012
leakage 
MSE[3]=1.920886377462853e-09, R2score=0.9999884993140653

Area4:	0.001543406200060611,	0.006066426011961432,	
Leakage4:	0.00016060444655039688,	0.0004270651407906579,	
Dynamic4:	0.00013073444774762804,	0.0002625756422106275,	
area 
MSE[4]=3.930631338300847e-07, R2score=0.9934139266003578
dynamic 
MSE[4]=3.728719680791898e-09, R2score=0.9913107167580123
leakage 
MSE[4]=1.925508028412502e-12, R2score=0.9999970006759356

Area5:	0.0006150907451095368,	0.00019167079915802417,	
Leakage5:	0.00011901326743653893,	-3.5460041693722005e-06,	
Dynamic5:	0.00025965557297293133,	-3.9612228313743846e-05,	
area 
MSE[5]=3.369732248558208e-08, R2score=0.9964341742718283
dynamic 
MSE[5]=3.845371318222812e-09, R2score=0.9977136464430032
leakage 
MSE[5]=3.666536803738117e-10, R2score=0.9989610172826647

Area6:	0.010678500872220498,	-0.01776851724823042,	
Leakage6:	1.9768053978615083e-05,	-1.5239059679937866e-06,	
Dynamic6:	1.5543314007563116e-05,	7.629423197306182e-07,	
area 
MSE[6]=7.936477440488549e-06, R2score=0.9972113826225758
dynamic 
MSE[6]=2.4944913295996546e-13, R2score=0.9999585168972619
leakage 
MSE[6]=4.7554983122600245e-14, R2score=0.9999951105437673

110x256 Projection:
predicted area[0] = [6.19589494]
predicted dynamic[0] = [4.10956021]
predicted leakage[0] = [0.74666566]

predicted area[1] = [0.03163855]
predicted dynamic[1] = [0.03059618]
predicted leakage[1] = [0.00664449]

predicted area[2] = [0.00123638]
predicted dynamic[2] = [0.00066762]
predicted leakage[2] = [0.00025609]

predicted area[3] = [2.88849401]
predicted dynamic[3] = [3.9564753]
predicted leakage[3] = [0.66263397]

predicted area[4] = [0.40117841]
predicted dynamic[4] = [0.03373059]
predicted leakage[4] = [0.0415418]

predicted area[5] = [0.1576549]
predicted dynamic[5] = [0.06643221]
predicted leakage[5] = [0.03046385]

predicted area[6] = [2.71592771]
predicted dynamic[6] = [0.00397985]
predicted leakage[6] = [0.0050591]

